   1         "t+aa"   40  208.832199  90.636070  54.521202
   2         "t+ih"   24  119.664566  61.894844  41.864693
   3         "t+uw"   72  296.481110 173.751740 139.144241
   4         "t-aa"    8   18.253811 142.109467  42.188671
   5         "t-ih"   72  133.193756 793.277954 954.867432
   6         "t-uw"   68  245.028076 646.314148 822.000488
   7           "sp" 1592  49221.613281
   8      "t-aa+ny"    8   12.507629 101.181396 133.897736
   9       "g-ih+g"   56  184.253799 232.319275 632.699829
  10       "b-eu+l"   96  275.037537 306.908417 575.668823
  11      "uw-aa+r"    8   24.443680  57.517208  12.200828
  12      "jh-aa+d"    4   28.977886 116.939308 119.059052
  13      "jh-aa+g"    4   35.784401  29.709864  28.543913
  14      "jh-aa+n"   52  170.589798 432.392181 295.459503
  15      "jh-aa+t"    4   26.106346  26.021709  24.943304
  16       "m-b+aa"   32   48.973476 105.562202 383.158112
  17      "ny-aa+l"   36  169.217926 164.232635 433.469849
  18      "ny-aa+t"    4   13.031128  15.820176  22.018042
  19       "m-b+ih"   52   97.987656 126.648636 581.062012
  20       "g-aa+r"    8   31.280903  17.754663  79.991562
  21         "l+ih"   28  203.909546  95.206581 148.230057
  22      "ih-b+uw"   36  189.657440 147.709030 768.446045
  23      "aa-t+ih"   24   84.922249  59.507011  42.346714
  24        "aa+jh"    8   48.235012  56.418713 130.410660
  25         "l-aa"   36  198.101501 329.673279 746.836914
  26      "aa-t+uw"   72  160.751175 189.826233 259.063202
  27       "d-eu+l"   56  186.741913  97.361488 225.937256
  28        "aa-hh"   80  431.589691 608.935974 1207.463623
  29        "aa-ng"   80  694.151550 468.121429 1515.886597
  30      "r-uw+ng"    4   22.952520  43.438618   9.802378
  31         "d+aa"   52  242.866287 236.614227 623.657959
  32         "d+eu"   56  234.110550 179.770142 305.545715
  33      "b-aa+hh"   92  688.743591 1523.967163 238.084976
  34         "d+uw"   20   87.626770 119.118500 142.475311
  35      "aa-l+aa"   36  132.674210 401.940582 426.382355
  36       "k-aa+l"   48  152.544861 128.807297 959.284912
  37       "k-aa+n"   40  216.610245 235.827713 383.354767
  38       "k-aa+r"    4    9.004245   4.979701  15.015294
  39         "d-aa"   40  271.666107 488.036530 909.337036
  40      "aa-l+uw"   48  314.501160 130.601395 415.493591
  41         "d-ih"    4   42.914333  67.442818  51.396202
  42         "d-uw"   48  270.427948 449.262024 629.814636
  43      "eu-p+uw"   40  244.431427 105.308800  61.448017
  44       "m-aa+k"   40  199.380417 157.478302 466.086853
  45       "m-aa+t"   24  100.455566 113.205566 428.231232
  46      "p-ih+ng"    4   28.460947  81.152023  19.930202
  47        "jh+aa"   12   38.543907  42.167244  85.674316
  48       "p-uw+l"   84  158.639755 410.963501 550.922852
  49        "jh-ih"    8   22.249533 118.939163  48.178761
  50      "aa-d+aa"   40  189.677567 306.605164 585.049377
  51      "aa-d+ih"    4   18.093685  11.989906  11.904777
  52      "aa-d+uw"   48  197.619812 148.059113 326.538147
  53      "uw-l+uw"   84  470.941589 365.832336 435.809998
  54       "r-uw+n"   40  155.994354 148.357574 189.535309
  55         "m+aa"   64  305.895752 219.984314 501.482635
  56         "m-aa"   28   95.080139 381.672394 593.134888
  57       "t-uw+r"   40  119.662338 351.912048 355.305786
  58      "ih-t+aa"    8   71.777664  20.900837  11.871588
  59      "ih-t+ih"   48  484.133148 113.712837  84.587219
  60     "ny-aa+ny"   48  252.295395 226.642395 717.554382
  61       "s-aa+m"    4   17.376678  30.866932   8.002116
  62       "s-aa+t"   64  378.217804 813.325256 556.818481
  63     "aa-hh+uw"   60  393.075653 183.617783 849.128601
  64       "p-eu+n"   48   64.999588  91.012001 303.629059
  65      "ih-l+aa"   52  208.370895 379.259796 461.613129
  66         "n+aa"   44   70.141396  83.218956 138.180725
  67      "ih-m+aa"   28   83.486992  71.005753 338.643646
  68     "aa-ny+aa"    8   35.111862  34.446243  97.488441
  69     "aa-ny+ih"   48  213.940079 205.785202 416.491821
  70      "t-ih+ng"   56  221.859238 257.396454 209.918777
  71         "uw-n"   96  353.747772 615.060913 888.713135
  72      "d-uw+aa"   20   76.190010 182.849854 233.485062
  73       "uw-n+t"   56  222.654083 328.085114 396.016113
  74        "ih-ng"   60  620.437927 328.576538 1180.888306
  75      "eu-b+eu"   40  173.328918 105.411522 671.329102
  76         "g+aa"    8   21.367823  35.111664  39.319164
  77         "g+ih"   56  340.975281 315.372894 365.867004
  78         "g+uw"   56  201.495071 357.123444 317.109436
  79          "sil"  320  25426.267578 49221.613281 13710.479492
  80         "g-aa"   24  109.531456 348.310669 329.644470
  81       "b-ih+l"   52  252.056732 342.942413 398.877136
  82         "g-ih"   56  137.080383 321.608643 709.019104
  83         "g-uw"    4    9.141586  41.986572   7.101008
  84       "b-aa+r"   76  317.317200 114.009285 290.748627
  85         "eu+m"   52  166.854080 171.438843 319.523865
  86         "eu+n"   48  247.197571 168.088013 566.320129
  87      "aa-g+uw"    8   17.535707  33.718033  41.866024
  88       "d-aa+d"   48  277.758057 190.523743 541.953735
  89       "d-aa+g"    4   70.150978  15.402314  40.364597
  90       "g-uw+n"   56  463.200653 304.676544 232.511688
  91      "t-uw+hh"    4   10.889864  73.588936  25.479071
  92      "t-uw+jh"   32   86.152199 157.358551 183.085526
  93         "p+aa"   40  680.289978 140.840546 258.819824
  94         "p+eu"   48  405.311920 106.986427 108.874763
  95         "p+ih"   48  477.525055 113.874107 119.274040
  96         "p+uw"   44  556.249023 168.758148  71.211586
  97         "p-aa"   40  173.825684 806.812439 709.106445
  98        "uw-aa"   20  100.795258 284.212189 301.778534
  99        "uw-hh"  120  860.594360 1299.283203 2555.309082
 100        "uw-ng"   56  636.321106 432.324402 1137.130249
 101       "k-uw+n"   56  323.702301 235.048660 367.406525
 102       "k-uw+r"   40  169.532501 276.147644 311.219452
 103      "aa-p+aa"   96  428.035217 320.100525 559.712585
 104      "r-aa+ng"   80  685.413879 617.394897 303.852051
 105       "l-ih+m"   28  122.306870 162.210342 263.638763
 106     "aa-jh+ih"    8   41.406288  36.863659  75.849007
 107      "s-uw+aa"    8   35.335873  74.443527  30.252529
 108     "uw-jh+aa"   52  363.303101 450.055756 306.367859
 109       "l-aa+n"   52  272.360718 245.064911 883.038330
 110       "l-aa+p"   56  372.753662 394.363342 941.512939
 111       "l-aa+s"   96  580.323059 389.834930 1117.228516
 112     "uw-jh+uw"   32  200.014801 211.870743 158.906982
 113       "n-ih+t"   48  148.795471 404.167358 229.334106
 114       "n-aa+m"   48  184.149445 318.919586 994.239868
 115      "eu-l+aa"  152  576.696167 1735.217529 2160.939453
 116      "ih-g+aa"   24  116.081894 152.934799 256.478485
 117      "ih-g+ih"   56  238.340225 317.632660 512.023987
 118       "p-ih+n"   48   97.195000 277.421875 342.350922
 119       "p-aa+d"   40  219.075119 447.898163 288.445740
 120       "p-aa+n"   56  134.397308 343.788025 337.717651
 121       "p-aa+t"   52  339.397766 422.428650 1120.907959
 122       "r-ih+t"    8   36.516937  63.634129  28.969627
 123       "r-aa+k"   56  351.983154 311.225067 765.057007
 124       "r-aa+m"    4   63.996925  48.385555  60.268608
 125       "t-ih+g"   24   43.265583 223.913544 168.384003
 126       "n-t+ih"   56  163.044769 105.555855  95.348991
 127       "m-p+aa"   52  357.480560 186.763977 351.967682
 128       "m-p+ih"    4   12.877507   6.312468   4.680033
 129       "t-aa+m"   32   79.145737 209.594833 168.923050
 130        "hh+uw"   52  185.204422 450.947113 1244.638184
 131        "hh-uw"   60  258.149811 739.368286 744.108643
 132       "s-eu+b"   40  120.674316 142.733856 646.847229
 133       "s-eu+m"   52  297.769684 182.155701 558.586304
 134       "s-eu+p"   40  182.755081 195.697525 511.244293
 135         "r+aa"   56  617.034485 321.120239 355.915100
 136         "r+ih"    8   39.816673  10.276834  68.000534
 137         "r-aa"    8   70.754044 102.242691 114.295525
 138         "r-uw"   40  514.257263 474.479034 482.318817
 139      "g-uw+ng"    4    6.438670  44.421310  12.998504
 140       "n-d+aa"   48  119.988335 158.128616 443.948517
 141     "hh-uw+jh"   52  287.800812 218.165512 404.042328
 142      "aa-r+aa"   52  303.637543 451.379517 707.089172
 143      "aa-r+uw"   44  256.508972 419.978180 488.880096
 144       "eu-m+b"   52  134.330978 175.853485 287.307404
 145       "eu-m+p"   52  111.617104 160.785599 641.818665
 146         "b+aa"  136  569.514404 441.106598 2089.193359
 147         "b+eu"   56  309.668610 162.741913 1420.441040
 148      "uw-r+aa"   40  437.149811  96.871513 257.687958
 149      "uw-r+uw"   40  247.100937  85.201118 204.944901
 150         "b-uw"   36  257.354309 287.695770 373.406860
 151       "ih-n+d"   48  283.508911 225.459000 366.057007
 152      "eu-n+aa"   48  519.927368 319.841064 361.191376
 153      "eu-n+ih"   48  162.894760 119.644432 127.531654
 154         "s+aa"   68  343.796539 257.461823 969.162354
 155         "s+eu"  132  854.335938 354.142700 2174.984863
 156         "s+uw"    8   20.604931  73.143448  49.994167
 157     "jh-uw+hh"   32  105.927727 227.065414 370.277039
 158       "aa-m+b"   32   75.151009 131.153610 361.475128
 159       "aa-m+p"    4   48.097534  26.014866  26.998779
 160      "n-aa+ih"   44  380.235443 494.230927 785.142456
 161         "ih+b"   36  134.017044 200.820694 336.017151
 162         "ih-k"   44  117.455933 159.570251 185.244247
 163      "d-aa+hh"   48  177.247650 258.628174 175.114685
 164         "k+aa"   52  281.471558 179.860703 448.800110
 165         "k+uw"   40  128.980942  91.794853  59.799267
 166        "ny+aa"   88  607.973450 520.685303 1057.681274
 167         "aa+p"   40  407.648193 253.071915 564.225159
 168         "aa-m"   52  123.180077 130.536316 693.650696
 169         "aa-n"  200  949.367554 1301.625854 1191.684082
 170         "aa-s"   96  374.639740 1029.196411 1867.242920
 171         "aa-t"   52  150.701218  73.990517  86.043869
 172        "ny-aa"    8   35.279900  82.108871  41.782768
 173        "ny-ih"   48  257.204285 463.890717 500.264069
 174      "aa-ih+k"   44  152.487366 399.910919 206.075027
 175      "l-uw+hh"   84  294.482422 608.115051 714.676208
 176      "l-uw+ng"   48  405.273590 311.940582 405.061768
 177      "aa-k+aa"   40  184.506363 130.148727 334.382324
 178      "aa-k+uw"   56  185.219742 159.944641 146.063110
